    0     3     1    7.24339    1.80000
    3    28     1    6.70569    1.80000
    4    28     1    5.85494    1.80000
    4    29     1    6.17152    1.80000
    5    25     1    7.81338    1.80000
    5    26     1    5.04239    1.80000
    5    27     1    5.24863    1.80000
    5    28     1    4.22585    1.80000
    5    29     1    5.50290    1.80000
    6     9     1    7.39436    1.80000
    6    25     1    5.99822    1.80000
    6    26     1    5.25132    1.80000
    6    27     1    5.71484    1.80000
    6    28     1    6.55432    1.80000
    6    29     1    6.96230    1.80000
    7    25     1    5.34800    1.80000
    7    26     1    5.12107    1.80000
    7    27     1    7.74417    1.80000
    7   123     1    7.26325    1.80000
    8    24     1    6.94333    1.80000
    8    25     1    4.13633    1.80000
    8    26     1    6.55724    1.80000
    8    53     1    6.24119    1.80000
    8    54     1    5.24318    1.80000
    8    55     1    6.61581    1.80000
    8   123     1    7.12792    1.80000
    8   127     1    7.94086    1.80000
    9    21     1    6.25462    1.80000
    9    22     1    7.57115    1.80000
    9    23     1    5.65410    1.80000
    9    24     1    4.36010    1.80000
    9    25     1    4.02943    1.80000
    9    26     1    7.63508    1.80000
    9    53     1    5.72751    1.80000
    9    54     1    5.21283    1.80000
    9    55     1    5.92441    1.80000
   10    21     1    5.66399    1.80000
   10    22     1    5.89498    1.80000
   10    23     1    5.15693    1.80000
   10    24     1    6.47836    1.80000
   10    25     1    7.35366    1.80000
   10    51     1    7.28866    1.80000
   10    52     1    5.71804    1.80000
   10    53     1    4.63382    1.80000
   10    54     1    6.50159    1.80000
   11    19     1    6.47169    1.80000
   11    20     1    5.39799    1.80000
   11    21     1    4.15893    1.80000
   11    22     1    4.72128    1.80000
   11    23     1    6.52844    1.80000
   11    51     1    5.78739    1.80000
   11    52     1    5.32327    1.80000
   11    53     1    6.63587    1.80000
   12    19     1    5.70564    1.80000
   12    20     1    5.51390    1.80000
   12    21     1    6.69632    1.80000
   12    22     1    7.58424    1.80000
   12    49     1    6.24207    1.80000
   12    50     1    5.24365    1.80000
   12    51     1    4.64076    1.80000
   12    52     1    5.44580    1.80000
   13    17     1    6.15701    1.80000
   13    18     1    5.40565    1.80000
   13    19     1    4.69074    1.80000
   13    20     1    6.10114    1.80000
   13    49     1    7.06507    1.80000
   13    50     1    5.56078    1.80000
   13    51     1    6.92531    1.80000
   13    52     1    7.03119    1.80000
   13    59     1    5.88410    1.80000
   14    17     1    6.06862    1.80000
   14    18     1    5.18008    1.80000
   14    19     1    6.27350    1.80000
   14    20     1    6.40567    1.80000
   15    18     1    6.38183    1.80000
   15    40     1    6.41157    1.80000
   15   148     1    7.21276    1.80000
   16   144     1    5.57253    1.80000
   16   147     1    7.19497    1.80000
   16   148     1    6.41075    1.80000
   17    58     1    6.12501    1.80000
   17    59     1    5.32127    1.80000
   17    60     1    6.99413    1.80000
   18    57     1    5.65893    1.80000
   18    58     1    5.07276    1.80000
   18    59     1    4.93108    1.80000
   18   141     1    7.44634    1.80000
   18   144     1    7.87313    1.80000
   19    52     1    7.13307    1.80000
   19    56     1    7.05823    1.80000
   19    57     1    5.18211    1.80000
   19    58     1    5.93293    1.80000
   19    59     1    4.59010    1.80000
   19    62     1    7.96084    1.80000
   20    57     1    7.53789    1.80000
   21    24     1    6.33675    1.80000
   22    33     1    6.30544    1.80000
   22    34     1    6.84585    1.80000
   22    35     1    7.18085    1.80000
   22    86     1    7.86163    1.80000
   22    87     1    6.76981    1.80000
   23    27     1    6.89973    1.80000
   23    32     1    7.85418    1.80000
   23    33     1    6.67351    1.80000
   23    87     1    7.31565    1.80000
   24    27     1    5.83239    1.80000
   25    55     1    7.85319    1.80000
   27    31     1    7.57909    1.80000
   28    31     1    6.69844    1.80000
   29    89     1    6.54827    1.80000
   29    90     1    6.61486    1.80000
   29    91     1    6.12039    1.80000
   29    93     1    7.75973    1.80000
   30    88     1    7.59878    1.80000
   30    89     1    5.43230    1.80000
   30    90     1    4.60481    1.80000
   30    91     1    5.06550    1.80000
   30    93     1    7.96568    1.80000
   31    88     1    5.84070    1.80000
   31    89     1    5.42687    1.80000
   31    90     1    6.74514    1.80000
   32    86     1    7.05576    1.80000
   32    87     1    5.53670    1.80000
   32    88     1    4.08941    1.80000
   32    89     1    6.29651    1.80000
   33    86     1    5.70190    1.80000
   33    87     1    5.49848    1.80000
   33    88     1    6.55027    1.80000
   34    84     1    6.71338    1.80000
   34    85     1    5.36706    1.80000
   34    86     1    4.08232    1.80000
   34    87     1    6.27911    1.80000
   35    84     1    5.80536    1.80000
   35    85     1    5.48065    1.80000
   35    86     1    6.64093    1.80000
   36    82     1    6.08858    1.80000
   36    83     1    5.47253    1.80000
   36    84     1    4.24643    1.80000
   36    85     1    5.99995    1.80000
   37    81     1    7.91751    1.80000
   37    82     1    5.94913    1.80000
   37    83     1    5.09064    1.80000
   37    84     1    6.20249    1.80000
   37    85     1    7.20418    1.80000
   38    78     1    7.26128    1.80000
   38    79     1    5.14460    1.80000
   38    80     1    6.40922    1.80000
   38    81     1    5.23708    1.80000
   38    82     1    5.29764    1.80000
   38    83     1    5.66636    1.80000
   39    42     1    7.44733    1.80000
   39    44     1    6.62430    1.80000
   39    47     1    7.05407    1.80000
   39    78     1    5.19209    1.80000
   39    79     1    5.37975    1.80000
   39    80     1    7.21941    1.80000
   39    81     1    6.39309    1.80000
   40    44     1    7.59399    1.80000
   40    78     1    5.59428    1.80000
   40    79     1    6.71946    1.80000
   41    44     1    5.82547    1.80000
   41    77     1    7.16725    1.80000
   41    78     1    4.59007    1.80000
   41    79     1    7.68031    1.80000
   41   152     1    7.14967    1.80000
   41   155     1    7.59504    1.80000
   42    75     1    7.43055    1.80000
   42    76     1    6.12169    1.80000
   42    77     1    4.36712    1.80000
   42    78     1    4.21826    1.80000
   43    74     1    7.26019    1.80000
   43    75     1    4.24689    1.80000
   43    76     1    5.09685    1.80000
   43    77     1    6.04742    1.80000
   43    78     1    6.90942    1.80000
   44    47     1    7.71664    1.80000
   44    73     1    7.01714    1.80000
   44    74     1    7.88638    1.80000
   44    75     1    6.54832    1.80000
   44    76     1    7.53849    1.80000
   44    78     1    7.49064    1.80000
   45    71     1    6.23196    1.80000
   45    72     1    5.80793    1.80000
   45    73     1    4.53443    1.80000
   45    74     1    6.24070    1.80000
   45    75     1    6.62326    1.80000
   46    69     1    6.61172    1.80000
   46    70     1    5.58982    1.80000
   46    71     1    4.28535    1.80000
   46    72     1    6.27432    1.80000
   46    73     1    5.76867    1.80000
   47    69     1    5.66193    1.80000
   47    70     1    5.49396    1.80000
   47    71     1    6.68268    1.80000
   48    67     1    6.99960    1.80000
   48    68     1    5.79697    1.80000
   48    69     1    4.35422    1.80000
   48    70     1    6.49803    1.80000
   49    67     1    5.47199    1.80000
   49    68     1    5.40501    1.80000
   49    69     1    5.99917    1.80000
   49    70     1    7.68001    1.80000
   49    99     1    7.80616    1.80000
   50    64     1    7.14734    1.80000
   50    65     1    7.80494    1.80000
   50    66     1    6.23647    1.80000
   50    67     1    4.45263    1.80000
   50    68     1    6.77597    1.80000
   51    64     1    5.93492    1.80000
   51    65     1    5.44207    1.80000
   51    66     1    5.44795    1.80000
   51    67     1    5.76864    1.80000
   52    59     1    7.21556    1.80000
   52    62     1    6.16910    1.80000
   52    63     1    5.48876    1.80000
   52    64     1    4.65349    1.80000
   52    65     1    5.69973    1.80000
   52    66     1    7.62608    1.80000
   53    62     1    5.74763    1.80000
   53    63     1    4.98706    1.80000
   53    64     1    6.41556    1.80000
   53    65     1    6.87253    1.80000
   53   117     1    6.78602    1.80000
   53   118     1    7.79940    1.80000
   54    61     1    7.97033    1.80000
   54    62     1    4.87600    1.80000
   54    63     1    6.21733    1.80000
   54   126     1    6.71328    1.80000
   54   127     1    7.93472    1.80000
   55    62     1    7.01249    1.80000
   55   126     1    6.79644    1.80000
   55   127     1    6.53842    1.80000
   55   130     1    5.73264    1.80000
   56    59     1    6.87010    1.80000
   56    61     1    6.12127    1.80000
   56    62     1    6.09747    1.80000
   56   126     1    7.99821    1.80000
   56   129     1    7.97662    1.80000
   56   130     1    5.45879    1.80000
   56   133     1    7.95940    1.80000
   56   137     1    7.13852    1.80000
   57    61     1    7.91006    1.80000
   57   137     1    5.61942    1.80000
   57   138     1    7.89385    1.80000
   57   140     1    7.74581    1.80000
   57   141     1    7.22047    1.80000
   58    61     1    5.57657    1.80000
   58    62     1    7.22587    1.80000
   58   137     1    6.98053    1.80000
   58   140     1    7.56180    1.80000
   59    62     1    5.54351    1.80000
   60    63     1    7.90217    1.80000
   63   117     1    6.36344    1.80000
   63   118     1    7.00758    1.80000
   64    67     1    7.99026    1.80000
   64   117     1    7.35221    1.80000
   65   112     1    7.12740    1.80000
   65   116     1    6.67641    1.80000
   65   117     1    5.97465    1.80000
   66   112     1    7.45023    1.80000
   67   110     1    7.79379    1.80000
   68   108     1    7.65481    1.80000
   68   109     1    7.39644    1.80000
   68   110     1    7.21540    1.80000
   69   108     1    7.26756    1.80000
   70    73     1    7.79423    1.80000
   70    99     1    6.79599    1.80000
   70   100     1    7.64616    1.80000
   70   101     1    7.92925    1.80000
   70   106     1    7.55630    1.80000
   70   107     1    6.64679    1.80000
   70   108     1    5.71128    1.80000
   71   106     1    7.77549    1.80000
   72   104     1    7.14419    1.80000
   72   106     1    7.21421    1.80000
   73    81     1    7.62719    1.80000
   73   101     1    7.09664    1.80000
   73   103     1    7.99263    1.80000
   73   104     1    6.66272    1.80000
   74   103     1    7.86297    1.80000
   74   104     1    7.10349    1.80000
   76    80     1    6.35614    1.80000
   76    81     1    6.81839    1.80000
   77    80     1    5.85297    1.80000
   78    81     1    7.42680    1.80000
   81   101     1    7.25967    1.80000
   81   102     1    7.63249    1.80000
   81   103     1    7.26996    1.80000
   82   101     1    5.88834    1.80000
   82   102     1    5.69679    1.80000
   82   103     1    7.30808    1.80000
   83    99     1    6.18930    1.80000
   83   100     1    5.46866    1.80000
   83   101     1    4.50511    1.80000
   83   102     1    6.30045    1.80000
   84    98     1    7.99278    1.80000
   84    99     1    5.50473    1.80000
   84   100     1    5.28152    1.80000
   84   101     1    6.47366    1.80000
   84   102     1    7.21817    1.80000
   85    97     1    7.15772    1.80000
   85    98     1    5.66712    1.80000
   85    99     1    4.51355    1.80000
   85   100     1    6.74214    1.80000
   86    96     1    7.88862    1.80000
   86    97     1    5.59829    1.80000
   86    98     1    5.39431    1.80000
   86    99     1    6.63272    1.80000
   87    95     1    6.79208    1.80000
   87    96     1    5.79923    1.80000
   87    97     1    4.69126    1.80000
   87    98     1    6.92878    1.80000
   88    95     1    5.78646    1.80000
   88    96     1    5.25672    1.80000
   88    97     1    6.58265    1.80000
   89    92     1    7.81185    1.80000
   89    93     1    5.81605    1.80000
   89    94     1    5.62763    1.80000
   89    95     1    4.59963    1.80000
   89    96     1    6.44431    1.80000
   90    93     1    5.54098    1.80000
   90    94     1    5.90508    1.80000
   90    95     1    7.00697    1.80000
   91    94     1    7.62032    1.80000
   92   114     1    7.12515    1.80000
   93   113     1    7.32518    1.80000
   93   114     1    4.72735    1.80000
   94   111     1    7.15650    1.80000
   94   112     1    5.96167    1.80000
   94   113     1    4.92748    1.80000
   94   114     1    4.68739    1.80000
   95   111     1    5.97520    1.80000
   95   112     1    5.06491    1.80000
   95   113     1    6.54347    1.80000
   95   114     1    7.02357    1.80000
   96   109     1    7.28672    1.80000
   96   110     1    5.94550    1.80000
   96   111     1    4.75683    1.80000
   96   112     1    6.32012    1.80000
   97   109     1    5.66493    1.80000
   97   110     1    5.46922    1.80000
   97   111     1    6.56530    1.80000
   98   107     1    6.98072    1.80000
   98   108     1    5.70441    1.80000
   98   109     1    4.16995    1.80000
   98   110     1    6.49027    1.80000
   99   107     1    5.56180    1.80000
   99   108     1    5.54400    1.80000
   99   109     1    6.39409    1.80000
  100   105     1    6.38887    1.80000
  100   106     1    5.65365    1.80000
  100   107     1    4.14593    1.80000
  100   108     1    6.59981    1.80000
  101   104     1    5.77203    1.80000
  101   105     1    5.25417    1.80000
  101   106     1    5.47748    1.80000
  101   107     1    6.40602    1.80000
  102   105     1    5.06475    1.80000
  102   106     1    7.53001    1.80000
  112   116     1    6.69195    1.80000
  113   116     1    5.60084    1.80000
  118   121     1    7.82142    1.80000
  118   122     1    5.43245    1.80000
  118   123     1    6.01011    1.80000
  119   122     1    5.27225    1.80000
  119   123     1    6.22993    1.80000
  120   123     1    5.08471    1.80000
  120   124     1    6.76272    1.80000
  121   124     1    5.64218    1.80000
  121   125     1    6.62273    1.80000
  122   125     1    5.18926    1.80000
  122   126     1    6.15262    1.80000
  123   126     1    5.13327    1.80000
  123   127     1    6.30539    1.80000
  124   127     1    5.28233    1.80000
  124   128     1    6.32785    1.80000
  125   128     1    5.30907    1.80000
  125   129     1    5.97174    1.80000
  126   129     1    4.99838    1.80000
  126   130     1    6.20617    1.80000
  127   130     1    5.34027    1.80000
  127   131     1    6.42354    1.80000
  128   131     1    5.10771    1.80000
  128   132     1    6.22398    1.80000
  129   132     1    5.22131    1.80000
  129   133     1    6.17472    1.80000
  130   133     1    4.98933    1.80000
  130   134     1    5.83765    1.80000
  131   134     1    5.25814    1.80000
  132   135     1    7.87337    1.80000
  133   136     1    5.25838    1.80000
  133   137     1    5.95320    1.80000
  134   137     1    5.21566    1.80000
  134   138     1    6.24121    1.80000
  135   138     1    5.03182    1.80000
  135   139     1    6.44166    1.80000
  136   139     1    5.09266    1.80000
  136   140     1    6.17902    1.80000
  137   140     1    4.89337    1.80000
  137   141     1    6.27503    1.80000
  138   141     1    5.33284    1.80000
  138   142     1    6.49950    1.80000
  139   142     1    5.13143    1.80000
  139   143     1    6.18699    1.80000
  140   143     1    4.94387    1.80000
  140   144     1    6.04868    1.80000
  141   144     1    4.94988    1.80000
  141   145     1    6.30028    1.80000
  142   145     1    5.19720    1.80000
  142   146     1    6.68861    1.80000
  143   146     1    5.25365    1.80000
  143   147     1    6.04784    1.80000
  143   190     1    6.86608    1.80000
  143   191     1    7.38705    1.80000
  143   192     1    5.74640    1.80000
  144   147     1    4.85930    1.80000
  144   148     1    5.90200    1.80000
  145   148     1    5.35575    1.80000
  145   149     1    6.46081    1.80000
  146   149     1    5.14475    1.80000
  146   150     1    6.26297    1.80000
  146   192     1    6.16681    1.80000
  146   195     1    7.20059    1.80000
  146   196     1    7.26487    1.80000
  147   150     1    5.01662    1.80000
  147   151     1    6.01792    1.80000
  147   187     1    5.78525    1.80000
  147   192     1    7.60873    1.80000
  147   195     1    7.12749    1.80000
  148   151     1    4.96246    1.80000
  148   152     1    6.11664    1.80000
  149   152     1    5.17438    1.80000
  149   153     1    6.28430    1.80000
  150   153     1    5.08806    1.80000
  150   154     1    6.25733    1.80000
  150   183     1    7.27793    1.80000
  150   187     1    7.08887    1.80000
  150   195     1    6.85881    1.80000
  150   196     1    7.34342    1.80000
  150   199     1    6.41573    1.80000
  151   154     1    5.09319    1.80000
  151   155     1    6.40177    1.80000
  151   184     1    7.89247    1.80000
  151   187     1    7.64186    1.80000
  152   155     1    5.16663    1.80000
  152   156     1    6.10055    1.80000
  153   156     1    5.16034    1.80000
  153   157     1    5.88979    1.80000
  153   199     1    7.45930    1.80000
  154   157     1    5.32709    1.80000
  154   158     1    6.27454    1.80000
  154   180     1    6.34266    1.80000
  154   183     1    7.58131    1.80000
  154   184     1    7.77630    1.80000
  155   158     1    5.22681    1.80000
  155   159     1    6.10376    1.80000
  156   159     1    5.02038    1.80000
  156   160     1    6.17911    1.80000
  157   160     1    5.08116    1.80000
  157   161     1    6.18377    1.80000
  158   161     1    5.03602    1.80000
  158   162     1    6.15155    1.80000
  159   162     1    5.20405    1.80000
  159   163     1    6.20486    1.80000
  160   163     1    4.93643    1.80000
  160   164     1    6.02488    1.80000
  160   209     1    7.24056    1.80000
  160   213     1    6.28694    1.80000
  161   164     1    5.13888    1.80000
  161   165     1    6.22005    1.80000
  161   168     1    7.41980    1.80000
  161   173     1    7.63911    1.80000
  161   209     1    7.09827    1.80000
  162   165     1    5.19037    1.80000
  163   213     1    7.56917    1.80000
  164   167     1    5.35170    1.80000
  164   168     1    5.76080    1.80000
  164   209     1    7.43212    1.80000
  164   212     1    6.62949    1.80000
  164   213     1    6.62549    1.80000
  165   168     1    6.21026    1.80000
  166   169     1    7.17409    1.80000
  167   212     1    7.41067    1.80000
  168   172     1    6.77270    1.80000
  168   173     1    6.54521    1.80000
  168   208     1    7.46091    1.80000
  168   209     1    6.63378    1.80000
  168   212     1    7.54639    1.80000
  169   172     1    5.40648    1.80000
  169   173     1    6.29993    1.80000
  170   173     1    4.87202    1.80000
  170   174     1    6.04540    1.80000
  171   174     1    5.06874    1.80000
  171   175     1    6.39325    1.80000
  172   175     1    5.17408    1.80000
  172   176     1    6.10005    1.80000
  172   205     1    6.87231    1.80000
  172   206     1    7.39579    1.80000
  172   208     1    7.37827    1.80000
  172   209     1    7.80838    1.80000
  173   176     1    5.12633    1.80000
  173   177     1    6.10449    1.80000
  174   177     1    5.36272    1.80000
  174   178     1    6.31038    1.80000
  175   178     1    5.17428    1.80000
  175   179     1    6.31027    1.80000
  175   205     1    6.20179    1.80000
  176   179     1    5.03745    1.80000
  176   180     1    6.11698    1.80000
  176   202     1    6.46862    1.80000
  176   205     1    5.87600    1.80000
  176   206     1    6.50279    1.80000
  177   180     1    5.01637    1.80000
  177   181     1    6.44483    1.80000
  178   181     1    5.38542    1.80000
  178   182     1    6.55831    1.80000
  179   182     1    5.15547    1.80000
  179   183     1    6.18550    1.80000
  179   198     1    7.21431    1.80000
  179   201     1    6.55887    1.80000
  179   202     1    4.96296    1.80000
  179   205     1    7.68642    1.80000
  180   183     1    5.16998    1.80000
  180   184     1    6.24826    1.80000
  180   202     1    6.68280    1.80000
  181   184     1    5.04781    1.80000
  181   185     1    6.31971    1.80000
  182   185     1    5.18626    1.80000
  182   186     1    6.25346    1.80000
  182   198     1    6.57692    1.80000
  183   186     1    5.09189    1.80000
  183   187     1    6.19056    1.80000
  183   195     1    6.50281    1.80000
  183   198     1    5.05276    1.80000
  183   199     1    6.38100    1.80000
  183   202     1    7.58099    1.80000
  184   187     1    5.14663    1.80000
  184   188     1    6.83640    1.80000
  185   188     1    5.44225    1.80000
  185   189     1    7.17337    1.80000
  186   189     1    5.36295    1.80000
  186   191     1    7.83666    1.80000
  186   194     1    6.15718    1.80000
  186   195     1    5.25830    1.80000
  186   198     1    7.08035    1.80000
  187   190     1    7.67354    1.80000
  187   195     1    5.96925    1.80000
  191   194     1    5.38484    1.80000
  191   195     1    6.71939    1.80000
  192   195     1    5.28077    1.80000
  192   196     1    6.34825    1.80000
  193   196     1    5.08254    1.80000
  193   197     1    5.91319    1.80000
  194   197     1    5.07010    1.80000
  194   198     1    6.30354    1.80000
  195   198     1    5.14493    1.80000
  195   199     1    6.29595    1.80000
  196   199     1    4.99453    1.80000
  196   200     1    6.27031    1.80000
  197   200     1    5.04064    1.80000
  197   201     1    6.36571    1.80000
  198   201     1    4.97950    1.80000
  198   202     1    6.11252    1.80000
  199   202     1    5.06626    1.80000
  199   203     1    6.21575    1.80000
  200   203     1    5.04967    1.80000
  200   204     1    6.21905    1.80000
  201   204     1    5.02174    1.80000
  201   205     1    6.73248    1.80000
  202   205     1    5.53419    1.80000
  202   206     1    6.41712    1.80000
  203   206     1    5.06766    1.80000
  203   207     1    7.08705    1.80000
  204   207     1    6.61241    1.80000
  205   208     1    7.87214    1.80000
  206   209     1    5.00133    1.80000
  206   210     1    6.10787    1.80000
  207   210     1    5.17299    1.80000
  207   211     1    6.41233    1.80000
  208   211     1    5.09158    1.80000
  208   212     1    6.26836    1.80000
  209   212     1    5.26481    1.80000
  209   213     1    6.07778    1.80000
  210   213     1    5.10671    1.80000
  210   214     1    6.19293    1.80000
  211   214     1    5.25858    1.80000
  211   215     1    6.60137    1.80000
  212   215     1    5.26155    1.80000
   13   220     1    7.34882    1.55885
   14   218     1    6.78874    1.55885
   14   219     1    5.52201    1.55885
   14   220     1    4.97445    1.55885
   14   221     1    7.02619    1.55885
   15   218     1    7.65136    1.55885
   15   219     1    5.45825    1.55885
   15   220     1    5.43864    1.55885
   15   221     1    5.91580    1.55885
   36   217     1    7.25137    1.55885
   36   218     1    7.96496    1.55885
   37   217     1    5.98854    1.55885
   37   218     1    5.32040    1.55885
   37   219     1    5.62333    1.55885
   37   220     1    6.87213    1.55885
   38   217     1    6.92405    1.55885
   38   218     1    6.36824    1.55885
   38   219     1    4.87218    1.55885
   38   220     1    6.07727    1.55885
   39   219     1    5.12456    1.55885
   39   220     1    5.09031    1.55885
   39   221     1    6.35866    1.55885
   40   219     1    4.90730    1.55885
   40   220     1    5.23951    1.55885
   40   221     1    5.17820    1.55885
   41   221     1    7.36479    1.55885
   44   222     1    7.39745    1.55885
   45   222     1    7.93880    1.55885
   46   221     1    7.96739    1.55885
   46   222     1    5.46826    1.55885
   47   220     1    5.90786    1.55885
   47   221     1    5.59627    1.55885
   47   222     1    4.26823    1.55885
   48   220     1    6.96169    1.55885
   48   221     1    6.45068    1.55885
   48   222     1    4.99204    1.55885
   49   220     1    7.69138    1.55885
   69   222     1    7.76557    1.55885
   79   217     1    7.45937    1.55885
   79   219     1    7.07896    1.55885
